— :310 —m

Lo (111 roy 911 Ἑ19ᾶ9119 11 1951195 1191 19 (111 911 Bon-tran
(19 0111191195, (1119 91 (111 19)* 911 Ε1·9(19119 59 9111 9195 911 19
111191111119111 (191 9111119119191· 11 1·9(111151919 51111, (1111 1911 9111111 a
prvgar. (199 (leg-nes 1111111· 11 911, 9 (1119 11 (1981195 1111111111· 11 511
1111511919, 9 (1119 1199 fo, 111911119(19919111119119191- 9111 911 (19991111.
(1119 99911111 119 havit] guerra, (1119 119111 sabas, ab 19 roy 11911911.
Ε (1119 91 (111 19)* 911 Fredvric (1119 11 111-99195, (111911 1111911919
volenter 11 5911 podes 1191· 119191 (19111 dita ζ1115119111, axi 9911 11
19111911, (1119 1911111, 1191· 9111119119 91951111 9 fill 9 bras: (19111 95819111,
9 (1119 9111 cert„ (1119, (1111 1191] 1111919111, 1119111911 11111 95919111 9,
11, 19111, 91119511119(1111, (19 111 qual 911 9111 91111 911 1999191111.
Ρ91· (1119, 51 (19111115 59 9111, 9193111111, 111 guerra 9111191991119111(191“
9 91 19)· 11911911, 111 (111 roy 911 Frederic 9111 grem: 111115 (1119
99111919 1191 1199 911 995 devia 11111111 (19 111 (11111 justicia 119
(19111 11119111, (1119 avia 1119919511 111 9911)9111,(191“; 1191· 99 991· 9111
9911, (1119 111911 ,1115111 99511 9111 (19 ajudar 11 11 5911 (1191, 9 (1119
1191· 1911195111 111119 19 19)* 11911911- 995 podia 9591111111112111· (11199
1111 111119. Ε 99911111 1951195, (1119 1191 1911195111 metaxa 1111199111.
(1119 1195 9911511111, (1119 111 95919111, 5911 (19191195 indigum, 51 911
11111111 911111 (19 9111115111 9 (19 ι1115119111, 9111* 91111119111-9199191919,
(199 11991 119 (19111 1115 fer„ magorment 9011 9111 9911 11 191 19
9199, (1119, (1111111 191111191111191 fs» 9191 99 rey, 91111, 19 9991911911
9 111115 lavia fet 99199111· 91111191·11(1(ζ11’ (19 1191911, 9 (1119 911
conexi-a, (1119 devia axi 999 11911 91951111 19119 599 (191119 11, Ῑ)911
9 als 11991995. Ε (1119 9511911119 911 1195119 5911191, (1119 lin
(1111111 ι111-119111, 1191· (1119 119 9111. (19 1919111111, (19 19911119 111111 119
sagrament 11 negu. E (1119 era 9911, (11191 (111 59111191· 19)*
[91111119 9111 11111 saxi, (1119 119 eufimia, (1119 1915 195 1915 (191
111911 9 915 311195 9195111195 5911 1911111115 (1111191111 19 11111111, 9
1919119119191· 911 1915 1199955111115, axi 9911 911115 (19111 99195111991111,
9 (1111 11911 11195, faria 9911119 195 11111,1111,11191115 (19 [)911, 19 (111111
1911911919111 negu sagranwnt 119 ‹minem-a„ (1119 119111 111911 a
mogun 11919, 119 1191 11911991. Per (199 911 19111951 9115, 51 91
19)* 99 Ε19(191·19 1111911111 lemperador (1111911111119111-11 19 19)* 11911911,
11911 paria„ (1119 119 sos tengut 1191· 111 9911199959 dela, pau.

mg. 33111, 112 519111 (119 1199111919 Deru-ands. 1191* Bora 91111911 Bo-
glauhigungs- und Empfehhmgsbriefe 1111 den 11911111, (119 ffiffligin, Petrus 1111919-
gamus. 111191111115]1119111911. Montisrssgafis, 1119111911, Ρ1199191111111115, 991111151111Χ11111115
comes Passala, Arrigus 9911195 (9111391111, Mam-idus 991995 0111Γὼ99115, Damiauus

